[gd_scene load_steps=5 format=2]

[ext_resource path="res://track/track.tscn" type="PackedScene" id=1]
[ext_resource path="res://cars/car.tscn" type="PackedScene" id=2]

[sub_resource type="ProceduralSky" id=1]
ground_bottom_color = Color( 0.364706, 0.788235, 0.290196, 1 )
ground_horizon_color = Color( 0.215686, 0.447059, 0.176471, 1 )

[sub_resource type="Environment" id=2]
background_mode = 2
background_sky = SubResource( 1 )

[node name="main" type="Spatial"]

[node name="camera" type="Camera" parent="."]
transform = Transform( -4.37114e-08, 0.682624, -0.73077, 0, 0.73077, 0.682624, 1, 2.98384e-08, -3.1943e-08, -51.165, 72.333, -1.47 )
current = true
far = 500.0

[node name="track" parent="." instance=ExtResource( 1 )]

[node name="car1" parent="." instance=ExtResource( 2 )]
transform = Transform( 0.998142, 0, 0.0582005, 0, 1, 0, -0.0582005, 0, 0.998142, 5.7813, 0, 29.6438 )
speed = 2.29593e-28
action = "car1"
progress_label = NodePath("../GUI/HBoxContainer/Label1")

[node name="car2" parent="." instance=ExtResource( 2 )]
transform = Transform( 0.998146, 0, 0.0582008, 0, 1, 0, -0.0582008, 0, 0.998146, 2.28781, 0, 29.8475 )
speed = 2.29593e-28
offset = 1.5
action = "car2"
progress_label = NodePath("../GUI/HBoxContainer/Label2")

[node name="car3" parent="." instance=ExtResource( 2 )]
transform = Transform( 0.998146, 0, 0.0582008, 0, 1, 0, -0.0582008, 0, 0.998146, -1.70478, 0, 30.0803 )
speed = 2.29593e-28
offset = -2.5
action = "car3"
progress_label = NodePath("../GUI/HBoxContainer/Label3")

[node name="car4" parent="." instance=ExtResource( 2 )]
transform = Transform( 0.998142, 0, 0.0582005, 0, 1, 0, -0.0582005, 0, 0.998142, -5.19826, 0, 30.284 )
speed = 2.29593e-28
offset = -6.0
action = "car4"
progress_label = NodePath("../GUI/HBoxContainer/Label4")

[node name="WorldEnvironment" type="WorldEnvironment" parent="."]
environment = SubResource( 2 )

[node name="GUI" type="CanvasLayer" parent="."]

[node name="HBoxContainer" type="HBoxContainer" parent="GUI"]
anchor_right = 1.0
margin_top = 32.0
margin_bottom = 46.0

[node name="Label1" type="Label" parent="GUI/HBoxContainer"]
margin_right = 253.0
margin_bottom = 14.0
size_flags_horizontal = 3
custom_colors/font_color = Color( 0, 0, 0, 1 )
text = "1"
align = 1

[node name="Label2" type="Label" parent="GUI/HBoxContainer"]
margin_left = 257.0
margin_right = 510.0
margin_bottom = 14.0
size_flags_horizontal = 3
custom_colors/font_color = Color( 0, 0, 0, 1 )
text = "2"
align = 1

[node name="Label3" type="Label" parent="GUI/HBoxContainer"]
margin_left = 514.0
margin_right = 767.0
margin_bottom = 14.0
size_flags_horizontal = 3
custom_colors/font_color = Color( 0, 0, 0, 1 )
text = "3"
align = 1

[node name="Label4" type="Label" parent="GUI/HBoxContainer"]
margin_left = 771.0
margin_right = 1024.0
margin_bottom = 14.0
size_flags_horizontal = 3
custom_colors/font_color = Color( 0, 0, 0, 1 )
text = "4"
align = 1
